mars_ws/src/path_planning/data/2024_autonomy_competition_site.asc
ncols        423
nrows        475
xllcorner    518587.999976729625
yllcorner    4252745.000000000000
cellsize     1.000000000000
NODATA_value -999999
[rows 320 to 339 of 475, columns 176 to 219 of 423]
1375.31005859375 1375.307373046875 1375.309326171875 1375.313720703125 1375.311279296875 1375.3040771484375 1375.3045654296875 1375.303466796875 1375.29736328125 1375.2940673828125 1375.2926025390625 1375.2938232421875 1375.2891845703125 1375.2955322265625 1375.2908935546875 1375.2908935546875 1375.2916259765625 1375.285400390625 1375.2845458984375 1375.27880859375 1375.279052734375 1375.2808837890625 1375.283203125 1375.2847900390625 1375.2808837890625 1375.2774658203125 1375.2840576171875 1375.2828369140625 1375.2772216796875 1375.2813720703125 1375.2833251953125 1375.2808837890625 1375.2774658203125 1375.28076171875 1375.2803955078125 1375.282470703125 1375.283447265625 1375.2857666015625 1375.2939453125 1375.30029296875 1375.298095703125 1375.2979736328125 1375.308837890625 1375.316162109375
1375.313232421875 1375.307861328125 1375.3101806640625 1375.312744140625 1375.31005859375 1375.3028564453125 1375.3055419921875 1375.30517578125 1375.3057861328125 1375.303466796875 1375.2916259765625 1375.289794921875 1375.2911376953125 1375.2935791015625 1375.286376953125 1375.289306640625 1375.29296875 1375.2880859375 1375.287109375 1375.281494140625 1375.280517578125 1375.288330078125 1375.2879638671875 1375.2843017578125 1375.2845458984375 1375.281005859375 1375.275634765625 1375.27880859375 1375.2791748046875 1375.2845458984375 1375.2802734375 1375.275634765625 1375.2781982421875 1375.28466796875 1375.27978515625 1375.28173828125 1375.2784423828125 1375.2781982421875 1375.28759765625 1375.29638671875 1375.296875 1375.299072265625 1375.304443359375 1375.30908203125
1375.3153076171875 1375.317626953125 1375.3155517578125 1375.310302734375 1375.302734375 1375.3062744140625 1375.310791015625 1375.3092041015625 1375.3109130859375 1375.3055419921875 1375.2998046875 1375.293212890625 1375.2928466796875 1375.2874755859375 1375.289306640625 1375.2926025390625 1375.291748046875 1375.290771484375 1375.2926025390625 1375.2896728515625 1375.2843017578125 1375.29296875 1375.287109375 1375.2896728515625 1375.2864990234375 1375.2822265625 1375.274169921875 1375.2730712890625 1375.2783203125 1375.2777099609375 1375.2747802734375 1375.2769775390625 1375.2786865234375 1375.27880859375 1375.274658203125 1375.2786865234375 1375.27685546875 1375.27880859375 1375.2862548828125 1375.2943115234375 1375.3004150390625 1375.301025390625 1375.3031005859375 1375.3016357421875
1375.317626953125 1375.32177734375 1375.318603515625 1375.3133544921875 1375.30712890625 1375.3094482421875 1375.3046875 1375.306396484375 1375.307373046875 1375.3028564453125 1375.3006591796875 1375.29833984375 1375.29345703125 1375.2874755859375 1375.2884521484375 1375.2940673828125 1375.2943115234375 1375.295166015625 1375.2926025390625 1375.2862548828125 1375.2882080078125 1375.2952880859375 1375.294921875 1375.2886962890625 1375.28271484375 1375.285888671875 1375.281494140625 1375.27783203125 1375.27978515625 1375.2752685546875 1375.2769775390625 1375.2772216796875 1375.2818603515625 1375.278564453125 1375.2725830078125 1375.273681640625 1375.27734375 1375.2816162109375 1375.28857421875 1375.2855224609375 1375.2886962890625 1375.294189453125 1375.298828125 1375.3004150390625
1375.3201904296875 1375.324951171875 1375.3212890625 1375.3187255859375 1375.3179931640625 1375.3143310546875 1375.3121337890625 1375.3115234375 1375.308349609375 1375.307373046875 1375.30322265625 1375.2958984375 1375.29052734375 1375.291015625 1375.292724609375 1375.29638671875 1375.2958984375 1375.2972412109375 1375.29296875 1375.2811279296875 1375.2940673828125 1375.3031005859375 1375.2960205078125 1375.2803955078125 1375.277587890625 1375.2811279296875 1375.2828369140625 1375.27734375 1375.28076171875 1375.2843017578125 1375.2769775390625 1375.2772216796875 1375.2763671875 1375.276611328125 1375.274169921875 1375.2720947265625 1375.281005859375 1375.2818603515625 1375.282470703125 1375.2830810546875 1375.288330078125 1375.2908935546875 1375.291748046875 1375.2928466796875
1375.3260498046875 1375.328369140625 1375.3167724609375 1375.315185546875 1375.31640625 1375.3155517578125 1375.3189697265625 1375.31396484375 1375.30810546875 1375.30810546875 1375.2989501953125 1375.2896728515625 1375.294189453125 1375.2982177734375 1375.299560546875 1375.303955078125 1375.2967529296875 1375.290771484375 1375.2890625 1375.2867431640625 1375.3026123046875 1375.3021240234375 1375.2845458984375 1375.28271484375 1375.281005859375 1375.281494140625 1375.2811279296875 1375.2781982421875 1375.27880859375 1375.28662109375 1375.2845458984375 1375.2757568359375 1375.26953125 1375.2681884765625 1375.2659912109375 1375.270263671875 1375.27490234375 1375.2803955078125 1375.2777099609375 1375.2821044921875 1375.286865234375 1375.284912109375 1375.2880859375 1375.2880859375
1375.3248291015625 1375.320556640625 1375.3145751953125 1375.3182373046875 1375.3223876953125 1375.3115234375 1375.3101806640625 1375.3140869140625 1375.3082275390625 1375.302490234375 1375.2991943359375 1375.2933349609375 1375.295166015625 1375.2994384765625 1375.3023681640625 1375.2987060546875 1375.2928466796875 1375.288330078125 1375.2889404296875 1375.28515625 1375.2872314453125 1375.289306640625 1375.2823486328125 1375.28173828125 1375.2808837890625 1375.28564453125 1375.2783203125 1375.2767333984375 1375.2733154296875 1375.27001953125 1375.2708740234375 1375.2606201171875 1375.2635498046875 1375.2650146484375 1375.2586669921875 1375.2578125 1375.2662353515625 1375.2789306640625 1375.276611328125 1375.277099609375 1375.2734375 1375.2767333984375 1375.28369140625 1375.2882080078125
1375.328369140625 1375.325439453125 1375.3175048828125 1375.31494140625 1375.3177490234375 1375.311767578125 1375.3126220703125 1375.3160400390625 1375.3116455078125 1375.3045654296875 1375.3033447265625 1375.3011474609375 1375.2982177734375 1375.3038330078125 1375.3089599609375 1375.2977294921875 1375.292236328125 1375.28662109375 1375.2901611328125 1375.286376953125 1375.2911376953125 1375.2884521484375 1375.2877197265625 1375.2840576171875 1375.28759765625 1375.2877197265625 1375.2772216796875 1375.272216796875 1375.2724609375 1375.2711181640625 1375.2667236328125 1375.25244140625 1375.2611083984375 1375.2691650390625 1375.26416015625 1375.25048828125 1375.253662109375 1375.2603759765625 1375.2681884765625 1375.267333984375 1375.26171875 1375.2701416015625 1375.273193359375 1375.276611328125
1375.323486328125 1375.3216552734375 1375.31787109375 1375.31494140625 1375.318359375 1375.322509765625 1375.3221435546875 1375.3179931640625 1375.3148193359375 1375.3095703125 1375.306884765625 1375.3052978515625 1375.3013916015625 1375.3011474609375 1375.3013916015625 1375.2960205078125 1375.29443359375 1375.2864990234375 1375.284423828125 1375.2862548828125 1375.2982177734375 1375.30322265625 1375.2955322265625 1375.290283203125 1375.29150390625 1375.286865234375 1375.2774658203125 1375.272216796875 1375.271240234375 1375.2752685546875 1375.2696533203125 1375.2552490234375 1375.2523193359375 1375.259521484375 1375.26611328125 1375.248291015625 1375.2432861328125 1375.2508544921875 1375.25830078125 1375.2628173828125 1375.26513671875 1375.2652587890625 1375.26904296875 1375.275634765625
1375.3193359375 1375.317138671875 1375.3179931640625 1375.3173828125 1375.3204345703125 1375.328857421875 1375.32861328125 1375.3197021484375 1375.31689453125 1375.3109130859375 1375.30810546875 1375.3084716796875 1375.302978515625 1375.29541015625 1375.2874755859375 1375.2938232421875 1375.294677734375 1375.29052734375 1375.28564453125 1375.2806396484375 1375.301025390625 1375.3350830078125 1375.3038330078125 1375.2890625 1375.289306640625 1375.2890625 1375.28125 1375.2745361328125 1375.2742919921875 1375.275146484375 1375.2757568359375 1375.26953125 1375.25390625 1375.2449951171875 1375.2440185546875 1375.2408447265625 1375.2445068359375 1375.250244140625 1375.25390625 1375.2579345703125 1375.2655029296875 1375.2652587890625 1375.265869140625 1375.2716064453125
1375.325927734375 1375.3287353515625 1375.32568359375 1375.317626953125 1375.3240966796875 1375.3297119140625 1375.324462890625 1375.319091796875 1375.31982421875 1375.31787109375 1375.316162109375 1375.31591796875 1375.310302734375 1375.300048828125 1375.29345703125 1375.2999267578125 1375.299560546875 1375.294189453125 1375.2886962890625 1375.28125 1375.28369140625 1375.2978515625 1375.29248046875 1375.286865234375 1375.2869873046875 1375.2864990234375 1375.283203125 1375.2744140625 1375.2750244140625 1375.2642822265625 1375.2713623046875 1375.279052734375 1375.26220703125 1375.24658203125 1375.2315673828125 1375.22900390625 1375.23486328125 1375.2359619140625 1375.2449951171875 1375.25048828125 1375.25830078125 1375.26123046875 1375.2620849609375 1375.2689208984375
1375.332275390625 1375.3345947265625 1375.328369140625 1375.3243408203125 1375.3302001953125 1375.334228515625 1375.330810546875 1375.3270263671875 1375.3231201171875 1375.3187255859375 1375.3157958984375 1375.3111572265625 1375.3121337890625 1375.3035888671875 1375.299072265625 1375.299560546875 1375.300537109375 1375.29052734375 1375.2890625 1375.2850341796875 1375.2823486328125 1375.2864990234375 1375.2861328125 1375.280517578125 1375.28076171875 1375.2811279296875 1375.2835693359375 1375.2783203125 1375.2745361328125 1375.2584228515625 1375.2607421875 1375.271240234375 1375.2681884765625 1375.2552490234375 1375.2418212890625 1375.231201171875 1375.23388671875 1375.2366943359375 1375.2393798828125 1375.2413330078125 1375.249267578125 1375.250244140625 1375.2572021484375 1375.2608642578125
1375.3388671875 1375.342041015625 1375.337890625 1375.33642578125 1375.3394775390625 1375.340576171875 1375.342041015625 1375.3311767578125 1375.3212890625 1375.3157958984375 1375.3116455078125 1375.3101806640625 1375.3123779296875 1375.3104248046875 1375.30224609375 1375.2947998046875 1375.291015625 1375.2877197265625 1375.291259765625 1375.2919921875 1375.287109375 1375.2891845703125 1375.2879638671875 1375.2822265625 1375.28564453125 1375.2845458984375 1375.28466796875 1375.2840576171875 1375.2755126953125 1375.266357421875 1375.262939453125 1375.265380859375 1375.269287109375 1375.263427734375 1375.2528076171875 1375.2379150390625 1375.233154296875 1375.23583984375 1375.2403564453125 1375.23779296875 1375.237060546875 1375.236328125 1375.2525634765625 1375.25341796875
1375.3468017578125 1375.3458251953125 1375.3465576171875 1375.3427734375 1375.3402099609375 1375.3404541015625 1375.3377685546875 1375.3212890625 1375.319580078125 1375.3194580078125 1375.318603515625 1375.3194580078125 1375.3172607421875 1375.3134765625 1375.3023681640625 1375.2994384765625 1375.295654296875 1375.29443359375 1375.2943115234375 1375.2921142578125 1375.290283203125 1375.2904052734375 1375.2857666015625 1375.287841796875 1375.2957763671875 1375.2894287109375 1375.2799072265625 1375.27978515625 1375.273681640625 1375.2685546875 1375.2615966796875 1375.2574462890625 1375.261962890625 1375.2691650390625 1375.2647705078125 1375.25244140625 1375.2386474609375 1375.22412109375 1375.2296142578125 1375.2401123046875 1375.2313232421875 1375.225341796875 1375.248779296875 1375.2479248046875
1375.3536376953125 1375.3536376953125 1375.350830078125 1375.3485107421875 1375.3475341796875 1375.341796875 1375.34033203125 1375.3277587890625 1375.323486328125 1375.3314208984375 1375.3287353515625 1375.3271484375 1375.3204345703125 1375.314208984375 1375.30615234375 1375.305419921875 1375.3045654296875 1375.301025390625 1375.2947998046875 1375.2935791015625 1375.29541015625 1375.29345703125 1375.280517578125 1375.286376953125 1375.2841796875 1375.2786865234375 1375.2796630859375 1375.2742919921875 1375.266845703125 1375.2674560546875 1375.2611083984375 1375.255126953125 1375.260009765625 1375.2674560546875 1375.2623291015625 1375.256103515625 1375.242431640625 1375.2232666015625 1375.21484375 1375.2275390625 1375.2281494140625 1375.2122802734375 1375.2275390625 1375.240234375
1375.3612060546875 1375.361328125 1375.3519287109375 1375.3533935546875 1375.3558349609375 1375.3475341796875 1375.3460693359375 1375.3382568359375 1375.33056640625 1375.3363037109375 1375.3353271484375 1375.3297119140625 1375.322265625 1375.3155517578125 1375.3099365234375 1375.3067626953125 1375.3056640625 1375.304931640625 1375.297607421875 1375.297607421875 1375.29443359375 1375.288330078125 1375.28466796875 1375.288330078125 1375.286865234375 1375.2783203125 1375.2791748046875 1375.27734375 1375.2696533203125 1375.271484375 1375.2611083984375 1375.2490234375 1375.2513427734375 1375.258544921875 1375.2572021484375 1375.2567138671875 1375.24951171875 1375.232666015625 1375.2181396484375 1375.2144775390625 1375.20947265625 1375.204833984375 1375.2147216796875 1375.23681640625
1375.3648681640625 1375.364501953125 1375.356689453125 1375.355712890625 1375.35693359375 1375.3509521484375 1375.3504638671875 1375.34912109375 1375.3397216796875 1375.33837890625 1375.3402099609375 1375.33349609375 1375.3297119140625 1375.3228759765625 1375.315673828125 1375.3050537109375 1375.3070068359375 1375.3055419921875 1375.302001953125 1375.2999267578125 1375.2926025390625 1375.2886962890625 1375.2886962890625 1375.2918701171875 1375.2904052734375 1375.278076171875 1375.2720947265625 1375.2738037109375 1375.271484375 1375.264892578125 1375.253173828125 1375.2427978515625 1375.243408203125 1375.2528076171875 1375.25244140625 1375.2457275390625 1375.243408203125 1375.235595703125 1375.22265625 1375.212158203125 1375.2010498046875 1375.1993408203125 1375.2117919921875 1375.2386474609375
1375.3699951171875 1375.3663330078125 1375.3563232421875 1375.35595703125 1375.358154296875 1375.360595703125 1375.3621826171875 1375.354248046875 1375.3453369140625 1375.3427734375 1375.3382568359375 1375.338623046875 1375.3426513671875 1375.3316650390625 1375.31689453125 1375.31005859375 1375.308349609375 1375.3055419921875 1375.307861328125 1375.3026123046875 1375.2967529296875 1375.2918701171875 1375.291259765625 1375.2884521484375 1375.287109375 1375.281005859375 1375.2803955078125 1375.2730712890625 1375.259765625 1375.253662109375 1375.2423095703125 1375.2347412109375 1375.237548828125 1375.241943359375 1375.2440185546875 1375.2451171875 1375.2437744140625 1375.237548828125 1375.223876953125 1375.209716796875 1375.1875 1375.1905517578125 1375.2183837890625 1375.2479248046875
1375.374755859375 1375.3709716796875 1375.365234375 1375.3668212890625 1375.3621826171875 1375.3660888671875 1375.3638916015625 1375.3541259765625 1375.3502197265625 1375.3447265625 1375.3408203125 1375.3411865234375 1375.3392333984375 1375.324951171875 1375.3182373046875 1375.317626953125 1375.3170166015625 1375.3116455078125 1375.3106689453125 1375.306396484375 1375.2987060546875 1375.2900390625 1375.2891845703125 1375.28564453125 1375.2880859375 1375.283935546875 1375.28173828125 1375.2735595703125 1375.26123046875 1375.252197265625 1375.2391357421875 1375.21875 1375.225341796875 1375.239013671875 1375.248046875 1375.2454833984375 1375.2476806640625 1375.2508544921875 1375.227783203125 1375.2196044921875 1375.185791015625 1375.1773681640625 1375.2159423828125 1375.246337890625
1375.379150390625 1375.372802734375 1375.369384765625 1375.3699951171875 1375.36328125 1375.3671875 1375.3673095703125 1375.364501953125 1375.3544921875 1375.3519287109375 1375.3533935546875 1375.3499755859375 1375.3404541015625 1375.3223876953125 1375.3192138671875 1375.3167724609375 1375.3189697265625 1375.314453125 1375.3089599609375 1375.3050537109375 1375.29638671875 1375.291748046875 1375.290283203125 1375.28662109375 1375.2850341796875 1375.285400390625 1375.2860107421875 1375.279296875 1375.2755126953125 1375.2701416015625 1375.24560546875 1375.2191162109375 1375.211181640625 1375.2210693359375 1375.233154296875 1375.236328125 1375.2406005859375 1375.2406005859375 1375.228759765625 1375.22216796875 1375.195068359375 1375.1773681640625 1375.2147216796875 1375.2392578125
