mars_ws/src/path_planning/data/2024_autonomy_competition_site.asc
ncols        423
nrows        475
xllcorner    518587.999976729625
yllcorner    4252745.000000000000
cellsize     1.000000000000
NODATA_value -999999
[rows 200 to 219 of 475, columns 220 to 263 of 423]
1375.824462890625 1375.81396484375 1375.80517578125 1375.810791015625 1375.8076171875 1375.7945556640625 1375.7841796875 1375.7701416015625 1375.7667236328125 1375.7652587890625 1375.7862548828125 1375.80419921875 1375.8040771484375 1375.7955322265625 1375.7884521484375 1375.7833251953125 1375.79638671875 1375.820068359375 1375.8431396484375 1375.8717041015625 1375.896728515625 1375.9281005859375 1375.96484375 1376.0057373046875 1376.0511474609375 1376.1011962890625 1376.15576171875 1376.2239990234375 1376.31884765625 1376.40966796875 1376.49755859375 1376.5968017578125 1376.673095703125 1376.73876953125 1376.8092041015625 1376.892333984375 1376.9544677734375 1376.9197998046875 1376.7994384765625 1376.6270751953125 1376.4527587890625 1376.287109375 1376.131103515625 1376.0096435546875
1375.8133544921875 1375.802978515625 1375.795654296875 1375.7965087890625 1375.79443359375 1375.7889404296875 1375.7777099609375 1375.7606201171875 1375.7523193359375 1375.75634765625 1375.785400390625 1375.8018798828125 1375.792724609375 1375.7799072265625 1375.7738037109375 1375.7762451171875 1375.7933349609375 1375.8201904296875 1375.8446044921875 1375.8751220703125 1375.9041748046875 1375.9390869140625 1375.9715576171875 1376.0150146484375 1376.0640869140625 1376.1114501953125 1376.16796875 1376.238037109375 1376.33349609375 1376.4136962890625 1376.50830078125 1376.635986328125 1376.7205810546875 1376.7645263671875 1376.82763671875 1376.892822265625 1376.909423828125 1376.8382568359375 1376.689697265625 1376.503173828125 1376.3458251953125 1376.2166748046875 1376.099365234375 1375.9918212890625
1375.7979736328125 1375.793701171875 1375.78759765625 1375.7816162109375 1375.7801513671875 1375.77734375 1375.7698974609375 1375.7554931640625 1375.7418212890625 1375.7484130859375 1375.783935546875 1375.797607421875 1375.7855224609375 1375.7716064453125 1375.7603759765625 1375.759033203125 1375.78271484375 1375.8187255859375 1375.847900390625 1375.8814697265625 1375.911865234375 1375.945068359375 1375.9803466796875 1376.0181884765625 1376.064453125 1376.1112060546875 1376.1749267578125 1376.2574462890625 1376.3536376953125 1376.4349365234375 1376.5267333984375 1376.6475830078125 1376.7276611328125 1376.7799072265625 1376.83544921875 1376.8792724609375 1376.857666015625 1376.7666015625 1376.599365234375 1376.4105224609375 1376.2742919921875 1376.1617431640625 1376.0579833984375 1375.9580078125
1375.787109375 1375.7843017578125 1375.7774658203125 1375.769775390625 1375.765869140625 1375.767578125 1375.760498046875 1375.7454833984375 1375.7373046875 1375.7449951171875 1375.767578125 1375.77783203125 1375.778564453125 1375.7635498046875 1375.7513427734375 1375.7525634765625 1375.784423828125 1375.823974609375 1375.8626708984375 1375.8995361328125 1375.92724609375 1375.9576416015625 1375.99462890625 1376.032470703125 1376.0743408203125 1376.1258544921875 1376.20263671875 1376.3170166015625 1376.41796875 1376.4937744140625 1376.556396484375 1376.6397705078125 1376.7279052734375 1376.78857421875 1376.8397216796875 1376.873291015625 1376.816650390625 1376.6953125 1376.5242919921875 1376.346435546875 1376.2127685546875 1376.0982666015625 1375.994140625 1375.90380859375
1375.77978515625 1375.7701416015625 1375.7596435546875 1375.752197265625 1375.74951171875 1375.7525634765625 1375.7459716796875 1375.736083984375 1375.7261962890625 1375.736083984375 1375.755126953125 1375.7647705078125 1375.7630615234375 1375.743408203125 1375.7352294921875 1375.7532958984375 1375.7872314453125 1375.8201904296875 1375.8660888671875 1375.9156494140625 1375.95263671875 1375.982421875 1376.01513671875 1376.0494384765625 1376.0968017578125 1376.158935546875 1376.2506103515625 1376.378662109375 1376.494140625 1376.564208984375 1376.5855712890625 1376.644287109375 1376.7275390625 1376.7923583984375 1376.8406982421875 1376.849853515625 1376.7762451171875 1376.622802734375 1376.44140625 1376.2734375 1376.14892578125 1376.0389404296875 1375.93798828125 1375.85205078125
1375.765869140625 1375.7591552734375 1375.7452392578125 1375.7362060546875 1375.7392578125 1375.740966796875 1375.733154296875 1375.7259521484375 1375.71826171875 1375.7288818359375 1375.745361328125 1375.7550048828125 1375.7425537109375 1375.72998046875 1375.7293701171875 1375.75537109375 1375.79248046875 1375.8271484375 1375.8751220703125 1375.9295654296875 1375.97021484375 1376.00732421875 1376.043701171875 1376.0755615234375 1376.135498046875 1376.2125244140625 1376.320556640625 1376.4525146484375 1376.5672607421875 1376.62060546875 1376.6109619140625 1376.64208984375 1376.7086181640625 1376.77880859375 1376.828125 1376.818603515625 1376.73046875 1376.5540771484375 1376.3548583984375 1376.201904296875 1376.0914306640625 1375.9949951171875 1375.9110107421875 1375.8406982421875
1375.75390625 1375.7489013671875 1375.73486328125 1375.7254638671875 1375.7264404296875 1375.7342529296875 1375.73046875 1375.723388671875 1375.71533203125 1375.721435546875 1375.7325439453125 1375.7364501953125 1375.720947265625 1375.7218017578125 1375.7413330078125 1375.767822265625 1375.8013916015625 1375.83349609375 1375.881103515625 1375.937255859375 1375.9879150390625 1376.0272216796875 1376.0697021484375 1376.117919921875 1376.189453125 1376.2723388671875 1376.3909912109375 1376.5126953125 1376.5880126953125 1376.61083984375 1376.6168212890625 1376.6390380859375 1376.6934814453125 1376.760009765625 1376.805419921875 1376.7816162109375 1376.679931640625 1376.4967041015625 1376.2955322265625 1376.1424560546875 1376.048583984375 1375.9713134765625 1375.903076171875 1375.8446044921875
1375.7454833984375 1375.74072265625 1375.726318359375 1375.7152099609375 1375.7158203125 1375.7239990234375 1375.725341796875 1375.71923828125 1375.705322265625 1375.7066650390625 1375.7159423828125 1375.7218017578125 1375.7174072265625 1375.7213134765625 1375.7509765625 1375.7801513671875 1375.80859375 1375.8397216796875 1375.8875732421875 1375.93994140625 1375.992919921875 1376.0433349609375 1376.0987548828125 1376.1724853515625 1376.2506103515625 1376.328857421875 1376.4305419921875 1376.5172119140625 1376.565185546875 1376.5914306640625 1376.620849609375 1376.654541015625 1376.6973876953125 1376.737060546875 1376.7650146484375 1376.7418212890625 1376.6458740234375 1376.4678955078125 1376.2760009765625 1376.1385498046875 1376.0540771484375 1375.98193359375 1375.9193115234375 1375.8546142578125
1375.7308349609375 1375.7257080078125 1375.7177734375 1375.707763671875 1375.704345703125 1375.7105712890625 1375.7161865234375 1375.712890625 1375.696044921875 1375.6966552734375 1375.7061767578125 1375.7091064453125 1375.7034912109375 1375.72314453125 1375.7564697265625 1375.78369140625 1375.81689453125 1375.844970703125 1375.8902587890625 1375.9361572265625 1375.9892578125 1376.050048828125 1376.118896484375 1376.2081298828125 1376.2933349609375 1376.3551025390625 1376.42724609375 1376.499755859375 1376.556396484375 1376.6041259765625 1376.655517578125 1376.70263671875 1376.7388916015625 1376.7503662109375 1376.7501220703125 1376.72216796875 1376.6356201171875 1376.4940185546875 1376.3546142578125 1376.2362060546875 1376.1351318359375 1376.0465087890625 1375.966796875 1375.8804931640625
1375.719482421875 1375.7120361328125 1375.7099609375 1375.703125 1375.6971435546875 1375.7021484375 1375.7073974609375 1375.70263671875 1375.686767578125 1375.69091796875 1375.69482421875 1375.6904296875 1375.698486328125 1375.7301025390625 1375.76220703125 1375.794677734375 1375.830810546875 1375.8641357421875 1375.9051513671875 1375.9432373046875 1375.9859619140625 1376.0537109375 1376.1365966796875 1376.2373046875 1376.3309326171875 1376.392822265625 1376.447998046875 1376.509765625 1376.58056640625 1376.6395263671875 1376.6885986328125 1376.7442626953125 1376.7864990234375 1376.7938232421875 1376.77734375 1376.7325439453125 1376.656005859375 1376.580078125 1376.4859619140625 1376.35498046875 1376.223388671875 1376.114013671875 1376.019775390625 1375.932861328125
1375.7135009765625 1375.7034912109375 1375.69384765625 1375.6917724609375 1375.6951904296875 1375.7030029296875 1375.701171875 1375.685546875 1375.6702880859375 1375.6790771484375 1375.686279296875 1375.6905517578125 1375.7052001953125 1375.732421875 1375.7684326171875 1375.8065185546875 1375.8416748046875 1375.8795166015625 1375.9207763671875 1375.9613037109375 1375.998779296875 1376.0660400390625 1376.1544189453125 1376.25537109375 1376.361328125 1376.44091796875 1376.4866943359375 1376.5389404296875 1376.6063232421875 1376.667724609375 1376.7298583984375 1376.799560546875 1376.84423828125 1376.85302734375 1376.8260498046875 1376.770751953125 1376.7218017578125 1376.699951171875 1376.6207275390625 1376.46630859375 1376.309814453125 1376.18017578125 1376.0753173828125 1375.990234375
1375.7000732421875 1375.6912841796875 1375.6856689453125 1375.68505859375 1375.690185546875 1375.6988525390625 1375.6881103515625 1375.669677734375 1375.6566162109375 1375.670166015625 1375.68115234375 1375.7005615234375 1375.724609375 1375.753173828125 1375.779052734375 1375.80908203125 1375.8477783203125 1375.8890380859375 1375.935546875 1375.978271484375 1376.016845703125 1376.0833740234375 1376.169189453125 1376.2718505859375 1376.37939453125 1376.4619140625 1376.5137939453125 1376.5726318359375 1376.6385498046875 1376.7088623046875 1376.789306640625 1376.86474609375 1376.9107666015625 1376.913330078125 1376.8831787109375 1376.8345947265625 1376.8214111328125 1376.832763671875 1376.7587890625 1376.594970703125 1376.41748046875 1376.2635498046875 1376.148193359375 1376.0516357421875
1375.6884765625 1375.6785888671875 1375.67431640625 1375.677001953125 1375.6759033203125 1375.68505859375 1375.675048828125 1375.656005859375 1375.6531982421875 1375.671142578125 1375.6885986328125 1375.713623046875 1375.747314453125 1375.7755126953125 1375.796875 1375.8265380859375 1375.8587646484375 1375.8985595703125 1375.9461669921875 1375.9967041015625 1376.0400390625 1376.0972900390625 1376.173095703125 1376.2750244140625 1376.3756103515625 1376.448486328125 1376.5126953125 1376.5810546875 1376.6663818359375 1376.764892578125 1376.8433837890625 1376.90087890625 1376.933349609375 1376.9417724609375 1376.9202880859375 1376.8948974609375 1376.9195556640625 1376.9630126953125 1376.90673828125 1376.726318359375 1376.525390625 1376.343017578125 1376.2080078125 1376.0987548828125
1375.68310546875 1375.670654296875 1375.6585693359375 1375.6575927734375 1375.66064453125 1375.671142578125 1375.652587890625 1375.64453125 1375.657958984375 1375.68212890625 1375.701171875 1375.725830078125 1375.7589111328125 1375.7890625 1375.8111572265625 1375.8394775390625 1375.871826171875 1375.909912109375 1375.9677734375 1376.0267333984375 1376.07275390625 1376.1221923828125 1376.1859130859375 1376.2684326171875 1376.3568115234375 1376.42822265625 1376.504638671875 1376.581298828125 1376.674560546875 1376.7728271484375 1376.8426513671875 1376.8897705078125 1376.927978515625 1376.949462890625 1376.9423828125 1376.9415283203125 1376.9896240234375 1377.0482177734375 1377.006103515625 1376.8126220703125 1376.588134765625 1376.3916015625 1376.2418212890625 1376.13525390625
1375.6744384765625 1375.65869140625 1375.6458740234375 1375.6400146484375 1375.64453125 1375.650634765625 1375.634765625 1375.6358642578125 1375.6617431640625 1375.69384765625 1375.7138671875 1375.736328125 1375.767333984375 1375.796630859375 1375.8187255859375 1375.8541259765625 1375.8974609375 1375.946533203125 1376.0157470703125 1376.0732421875 1376.1226806640625 1376.1734619140625 1376.2281494140625 1376.2938232421875 1376.3636474609375 1376.43505859375 1376.5172119140625 1376.6060791015625 1376.6915283203125 1376.760986328125 1376.8145751953125 1376.8765869140625 1376.9326171875 1376.959228515625 1376.9632568359375 1376.9864501953125 1377.040771484375 1377.0859375 1377.0323486328125 1376.857177734375 1376.6348876953125 1376.42822265625 1376.272705078125 1376.1661376953125
1375.660888671875 1375.639892578125 1375.6334228515625 1375.6383056640625 1375.642822265625 1375.634765625 1375.628662109375 1375.64453125 1375.6771240234375 1375.71044921875 1375.72802734375 1375.748291015625 1375.784912109375 1375.8192138671875 1375.8443603515625 1375.88427734375 1375.9490966796875 1376.0146484375 1376.08642578125 1376.14794921875 1376.197021484375 1376.235107421875 1376.28271484375 1376.3394775390625 1376.4024658203125 1376.4749755859375 1376.5611572265625 1376.6546630859375 1376.7408447265625 1376.787841796875 1376.8380126953125 1376.9051513671875 1376.95458984375 1376.967041015625 1376.987060546875 1377.0321044921875 1377.0872802734375 1377.1142578125 1377.054931640625 1376.9071044921875 1376.7025146484375 1376.48583984375 1376.3125 1376.1895751953125
1375.64892578125 1375.6226806640625 1375.6197509765625 1375.6297607421875 1375.6285400390625 1375.625244140625 1375.6265869140625 1375.64697265625 1375.6805419921875 1375.7178955078125 1375.7398681640625 1375.7633056640625 1375.7991943359375 1375.8375244140625 1375.8682861328125 1375.914306640625 1375.9927978515625 1376.08349609375 1376.169189453125 1376.2220458984375 1376.250244140625 1376.2882080078125 1376.3353271484375 1376.3988037109375 1376.4683837890625 1376.540771484375 1376.6199951171875 1376.70703125 1376.785400390625 1376.8375244140625 1376.8892822265625 1376.9422607421875 1376.972900390625 1376.9820556640625 1377.012939453125 1377.0687255859375 1377.1142578125 1377.1397705078125 1377.097412109375 1376.962646484375 1376.768310546875 1376.541748046875 1376.3502197265625 1376.216064453125
1375.636474609375 1375.615234375 1375.615234375 1375.6221923828125 1375.61572265625 1375.6123046875 1375.62353515625 1375.6494140625 1375.680908203125 1375.71875 1375.7554931640625 1375.7850341796875 1375.8131103515625 1375.8485107421875 1375.886962890625 1375.934326171875 1376.0101318359375 1376.1085205078125 1376.208251953125 1376.2584228515625 1376.275634765625 1376.3099365234375 1376.3753662109375 1376.460693359375 1376.537841796875 1376.6094970703125 1376.6851806640625 1376.760986328125 1376.833251953125 1376.901611328125 1376.9537353515625 1376.9771728515625 1376.9835205078125 1376.9912109375 1377.0321044921875 1377.0892333984375 1377.1248779296875 1377.1553955078125 1377.1370849609375 1377.01220703125 1376.8126220703125 1376.5811767578125 1376.3890380859375 1376.248779296875
1375.6256103515625 1375.611083984375 1375.6141357421875 1375.612060546875 1375.599609375 1375.6063232421875 1375.6329345703125 1375.66015625 1375.68798828125 1375.727783203125 1375.76513671875 1375.79638671875 1375.8360595703125 1375.8709716796875 1375.907958984375 1375.9501953125 1376.015869140625 1376.1007080078125 1376.183837890625 1376.2276611328125 1376.2591552734375 1376.31201171875 1376.39111328125 1376.4873046875 1376.5694580078125 1376.65625 1376.75244140625 1376.82470703125 1376.8955078125 1376.964599609375 1377.008544921875 1377.0032958984375 1376.9810791015625 1376.99365234375 1377.0419921875 1377.0926513671875 1377.1329345703125 1377.167236328125 1377.1600341796875 1377.0458984375 1376.83544921875 1376.606689453125 1376.417236328125 1376.27587890625
1375.6114501953125 1375.5975341796875 1375.5955810546875 1375.5997314453125 1375.596923828125 1375.61181640625 1375.6424560546875 1375.6767578125 1375.708740234375 1375.750732421875 1375.7808837890625 1375.8153076171875 1375.8648681640625 1375.91748046875 1375.966064453125 1376.019287109375 1376.068603515625 1376.114013671875 1376.1529541015625 1376.1937255859375 1376.240966796875 1376.3076171875 1376.3880615234375 1376.475341796875 1376.56005859375 1376.6778564453125 1376.8109130859375 1376.8883056640625 1376.95263671875 1377.00439453125 1377.0191650390625 1376.992431640625 1376.9700927734375 1376.9918212890625 1377.043212890625 1377.0921630859375 1377.1387939453125 1377.173583984375 1377.165283203125 1377.0777587890625 1376.8870849609375 1376.6495361328125 1376.4471435546875 1376.302490234375
