mars_ws/src/path_planning/data/2024_autonomy_competition_site.asc
ncols        423
nrows        475
xllcorner    518587.999976729625
yllcorner    4252745.000000000000
cellsize     1.000000000000
NODATA_value -999999
[rows 240 to 259 of 475, columns 308 to 351 of 423]
1375.9510498046875 1375.939208984375 1375.90576171875 1375.856689453125 1375.79345703125 1375.740478515625 1375.7208251953125 1375.744140625 1375.79736328125 1375.8857421875 1375.98193359375 1376.0791015625 1376.11474609375 1376.0826416015625 1375.9832763671875 1375.8411865234375 1375.648681640625 1375.5321044921875 1375.623291015625 1375.8682861328125 1376.0936279296875 1376.2279052734375 1376.3443603515625 1376.4234619140625 1376.406982421875 1376.1845703125 1375.849609375 1375.60595703125 1375.573974609375 1375.7120361328125 1375.878662109375 1376.0467529296875 1376.239990234375 1376.4571533203125 1376.629638671875 1376.78515625 1376.9583740234375 1377.201904296875 1377.5159912109375 1377.84130859375 1378.098388671875 1378.2286376953125 1378.28857421875 1378.4395751953125
1375.8895263671875 1375.8922119140625 1375.8848876953125 1375.8702392578125 1375.8353271484375 1375.7755126953125 1375.722412109375 1375.709228515625 1375.716796875 1375.7728271484375 1375.8907470703125 1376.048828125 1376.1173095703125 1376.076171875 1375.98681640625 1375.8662109375 1375.65380859375 1375.5206298828125 1375.6796875 1376.0284423828125 1376.28515625 1376.401123046875 1376.4991455078125 1376.5218505859375 1376.4058837890625 1376.0936279296875 1375.7138671875 1375.5003662109375 1375.529052734375 1375.7269287109375 1375.9129638671875 1376.067626953125 1376.231689453125 1376.3941650390625 1376.5045166015625 1376.5948486328125 1376.673828125 1376.834716796875 1377.1268310546875 1377.4888916015625 1377.7791748046875 1377.962158203125 1378.0958251953125 1378.3037109375
1375.79052734375 1375.8035888671875 1375.838134765625 1375.8687744140625 1375.8570556640625 1375.825439453125 1375.76806640625 1375.7119140625 1375.6610107421875 1375.6695556640625 1375.7904052734375 1375.97021484375 1376.051513671875 1375.999755859375 1375.9561767578125 1375.8995361328125 1375.689208984375 1375.5111083984375 1375.671875 1376.023681640625 1376.31689453125 1376.468505859375 1376.55712890625 1376.5037841796875 1376.298583984375 1375.9346923828125 1375.5672607421875 1375.4202880859375 1375.485595703125 1375.7166748046875 1375.906005859375 1376.0418701171875 1376.151123046875 1376.218505859375 1376.2862548828125 1376.3348388671875 1376.334716796875 1376.45458984375 1376.7589111328125 1377.110595703125 1377.39501953125 1377.666015625 1377.9117431640625 1378.1871337890625
1375.6766357421875 1375.6861572265625 1375.7481689453125 1375.822998046875 1375.857421875 1375.83349609375 1375.76318359375 1375.65869140625 1375.551025390625 1375.5257568359375 1375.607421875 1375.7479248046875 1375.81494140625 1375.827880859375 1375.872314453125 1375.899658203125 1375.7117919921875 1375.4798583984375 1375.5526123046875 1375.808837890625 1376.08056640625 1376.2987060546875 1376.4302978515625 1376.378662109375 1376.1173095703125 1375.720703125 1375.42529296875 1375.3406982421875 1375.4378662109375 1375.68017578125 1375.8707275390625 1375.9696044921875 1375.9884033203125 1375.939453125 1375.9345703125 1375.962646484375 1375.97119140625 1376.0897216796875 1376.3800048828125 1376.65771484375 1376.95556640625 1377.3341064453125 1377.7078857421875 1378.044189453125
1375.613037109375 1375.583251953125 1375.6185302734375 1375.71044921875 1375.7938232421875 1375.7874755859375 1375.7054443359375 1375.5653076171875 1375.429931640625 1375.3623046875 1375.3834228515625 1375.4813232421875 1375.5545654296875 1375.621826171875 1375.714111328125 1375.7791748046875 1375.64794921875 1375.4407958984375 1375.416748046875 1375.5748291015625 1375.79638671875 1376.014892578125 1376.1832275390625 1376.1669921875 1375.9522705078125 1375.5916748046875 1375.3394775390625 1375.2828369140625 1375.4091796875 1375.6705322265625 1375.85498046875 1375.8946533203125 1375.8145751953125 1375.6864013671875 1375.607666015625 1375.6278076171875 1375.713623046875 1375.847412109375 1376.0555419921875 1376.30712890625 1376.7313232421875 1377.2069091796875 1377.6031494140625 1377.942138671875
1375.5972900390625 1375.5283203125 1375.517822265625 1375.5762939453125 1375.6605224609375 1375.6837158203125 1375.618896484375 1375.47607421875 1375.31640625 1375.2066650390625 1375.18408203125 1375.2518310546875 1375.3236083984375 1375.4036865234375 1375.501220703125 1375.5716552734375 1375.5107421875 1375.369873046875 1375.3115234375 1375.3896484375 1375.54150390625 1375.7232666015625 1375.8753662109375 1375.905029296875 1375.759765625 1375.4747314453125 1375.2666015625 1375.2437744140625 1375.4132080078125 1375.6917724609375 1375.858154296875 1375.8389892578125 1375.6820068359375 1375.4898681640625 1375.3759765625 1375.4423828125 1375.583251953125 1375.7052001953125 1375.9434814453125 1376.3138427734375 1376.76171875 1377.2294921875 1377.6162109375 1377.922607421875
1375.602783203125 1375.52392578125 1375.46435546875 1375.4564208984375 1375.493408203125 1375.5330810546875 1375.516845703125 1375.4154052734375 1375.280029296875 1375.1697998046875 1375.1131591796875 1375.1090087890625 1375.137939453125 1375.195068359375 1375.271240234375 1375.3250732421875 1375.3341064453125 1375.2850341796875 1375.229736328125 1375.2545166015625 1375.3359375 1375.461181640625 1375.58642578125 1375.655029296875 1375.5736083984375 1375.37646484375 1375.2025146484375 1375.2056884765625 1375.410400390625 1375.673095703125 1375.789794921875 1375.7161865234375 1375.5179443359375 1375.3116455078125 1375.2490234375 1375.40966796875 1375.653076171875 1375.826904296875 1376.11669921875 1376.505615234375 1376.9188232421875 1377.3519287109375 1377.7086181640625 1377.96435546875
1375.585205078125 1375.5052490234375 1375.4388427734375 1375.392578125 1375.373046875 1375.387939453125 1375.4072265625 1375.3687744140625 1375.2889404296875 1375.2027587890625 1375.138427734375 1375.0843505859375 1375.0645751953125 1375.0789794921875 1375.1024169921875 1375.1329345703125 1375.166015625 1375.16650390625 1375.1494140625 1375.1717529296875 1375.1973876953125 1375.260986328125 1375.3721923828125 1375.441650390625 1375.4027099609375 1375.274169921875 1375.1307373046875 1375.1427001953125 1375.3565673828125 1375.5740966796875 1375.61474609375 1375.4776611328125 1375.27001953125 1375.1197509765625 1375.2176513671875 1375.4727783203125 1375.74169921875 1375.9439697265625 1376.27490234375 1376.662841796875 1377.06982421875 1377.4892578125 1377.820556640625 1378.02001953125
1375.5821533203125 1375.5064697265625 1375.4464111328125 1375.3876953125 1375.3409423828125 1375.31103515625 1375.3157958984375 1375.3060302734375 1375.27197265625 1375.2188720703125 1375.1717529296875 1375.1180419921875 1375.0810546875 1375.064697265625 1375.05029296875 1375.0498046875 1375.067626953125 1375.083251953125 1375.10986328125 1375.1470947265625 1375.1419677734375 1375.151123046875 1375.218994140625 1375.2760009765625 1375.2611083984375 1375.1656494140625 1375.0634765625 1375.09814453125 1375.3079833984375 1375.474365234375 1375.4444580078125 1375.2694091796875 1375.0716552734375 1374.99267578125 1375.1204833984375 1375.3341064453125 1375.59765625 1375.882568359375 1376.25048828125 1376.639404296875 1377.0748291015625 1377.51953125 1377.8612060546875 1378.0157470703125
1375.608154296875 1375.53271484375 1375.4609375 1375.4090576171875 1375.346435546875 1375.2880859375 1375.25390625 1375.244384765625 1375.2330322265625 1375.2113037109375 1375.17529296875 1375.1339111328125 1375.104248046875 1375.0888671875 1375.061279296875 1375.0186767578125 1375.0184326171875 1375.0474853515625 1375.0806884765625 1375.1036376953125 1375.102783203125 1375.0872802734375 1375.1016845703125 1375.1322021484375 1375.1331787109375 1375.0635986328125 1375.0025634765625 1375.087646484375 1375.3170166015625 1375.4261474609375 1375.318359375 1375.118896484375 1374.9403076171875 1374.8994140625 1375.0218505859375 1375.2423095703125 1375.513916015625 1375.792724609375 1376.112060546875 1376.4736328125 1376.9622802734375 1377.4560546875 1377.80419921875 1377.9476318359375
1375.619140625 1375.54541015625 1375.474853515625 1375.4146728515625 1375.3477783203125 1375.28515625 1375.2359619140625 1375.1964111328125 1375.1756591796875 1375.162841796875 1375.13525390625 1375.10693359375 1375.086181640625 1375.063720703125 1375.0433349609375 1375.008544921875 1374.9954833984375 1375.02294921875 1375.052734375 1375.0701904296875 1375.0692138671875 1375.039794921875 1375.013916015625 1375.007080078125 1375.0118408203125 1374.973876953125 1374.9464111328125 1375.056396484375 1375.2904052734375 1375.386962890625 1375.236083984375 1375.012451171875 1374.8421630859375 1374.8170166015625 1374.965087890625 1375.2196044921875 1375.4620361328125 1375.6656494140625 1375.894287109375 1376.26416015625 1376.7958984375 1377.3095703125 1377.6591796875 1377.80908203125
1375.6151123046875 1375.5377197265625 1375.4659423828125 1375.3974609375 1375.343994140625 1375.2994384765625 1375.23583984375 1375.181640625 1375.1513671875 1375.1298828125 1375.1021728515625 1375.0745849609375 1375.0465087890625 1375.0211181640625 1375.010009765625 1374.98828125 1374.9688720703125 1374.9935302734375 1375.022705078125 1375.0311279296875 1375.0347900390625 1375.014404296875 1374.9739990234375 1374.9404296875 1374.9190673828125 1374.8958740234375 1374.8729248046875 1374.9376220703125 1375.0994873046875 1375.19384765625 1375.12060546875 1374.9273681640625 1374.7667236328125 1374.7452392578125 1374.9095458984375 1375.128173828125 1375.317138671875 1375.509521484375 1375.7757568359375 1376.151611328125 1376.628662109375 1377.07275390625 1377.3995361328125 1377.562255859375
1375.6116943359375 1375.52978515625 1375.455322265625 1375.388671875 1375.3316650390625 1375.2862548828125 1375.2340087890625 1375.1904296875 1375.1640625 1375.142578125 1375.1123046875 1375.0736083984375 1375.0411376953125 1375.0184326171875 1374.9940185546875 1374.97021484375 1374.9476318359375 1374.9637451171875 1374.9906005859375 1375.000244140625 1374.9932861328125 1374.986572265625 1374.9573974609375 1374.9197998046875 1374.8804931640625 1374.856201171875 1374.8262939453125 1374.8382568359375 1374.897705078125 1374.9508056640625 1374.9530029296875 1374.8370361328125 1374.70703125 1374.6732177734375 1374.792724609375 1374.9600830078125 1375.120849609375 1375.34619140625 1375.655517578125 1376.035400390625 1376.423828125 1376.78515625 1377.0633544921875 1377.26171875
1375.6065673828125 1375.5155029296875 1375.431640625 1375.366943359375 1375.317626953125 1375.2841796875 1375.2528076171875 1375.2188720703125 1375.1962890625 1375.1717529296875 1375.13134765625 1375.09619140625 1375.0567626953125 1375.0284423828125 1374.9969482421875 1374.9764404296875 1374.9420166015625 1374.9337158203125 1374.9510498046875 1374.9556884765625 1374.948974609375 1374.9490966796875 1374.9337158203125 1374.9119873046875 1374.87255859375 1374.837890625 1374.8095703125 1374.77685546875 1374.744873046875 1374.7412109375 1374.758056640625 1374.70361328125 1374.61279296875 1374.5780029296875 1374.6392822265625 1374.7484130859375 1374.9080810546875 1375.15869140625 1375.513427734375 1375.8848876953125 1376.1817626953125 1376.4471435546875 1376.6966552734375 1376.9254150390625
1375.5792236328125 1375.496337890625 1375.427001953125 1375.3743896484375 1375.3416748046875 1375.3167724609375 1375.2847900390625 1375.2471923828125 1375.2113037109375 1375.1781005859375 1375.13232421875 1375.0955810546875 1375.0635986328125 1375.0377197265625 1375.0093994140625 1374.9857177734375 1374.94677734375 1374.9173583984375 1374.9136962890625 1374.90771484375 1374.91552734375 1374.9110107421875 1374.9041748046875 1374.89892578125 1374.8671875 1374.8223876953125 1374.7999267578125 1374.7613525390625 1374.684814453125 1374.622314453125 1374.5950927734375 1374.56201171875 1374.525390625 1374.5050048828125 1374.5068359375 1374.546630859375 1374.705078125 1374.9759521484375 1375.337890625 1375.6717529296875 1375.903076171875 1376.077880859375 1376.302490234375 1376.570556640625
1375.583251953125 1375.507568359375 1375.443603515625 1375.3936767578125 1375.365478515625 1375.3404541015625 1375.30908203125 1375.267578125 1375.2197265625 1375.1845703125 1375.1414794921875 1375.1007080078125 1375.0762939453125 1375.0579833984375 1375.037841796875 1375.027587890625 1374.9913330078125 1374.93212890625 1374.8883056640625 1374.8695068359375 1374.8751220703125 1374.8759765625 1374.8687744140625 1374.85986328125 1374.84228515625 1374.8087158203125 1374.790283203125 1374.7449951171875 1374.6663818359375 1374.608154296875 1374.6019287109375 1374.5908203125 1374.565185546875 1374.532958984375 1374.498779296875 1374.4752197265625 1374.550048828125 1374.8067626953125 1375.181640625 1375.48876953125 1375.68701171875 1375.84619140625 1376.0655517578125 1376.3104248046875
1375.5926513671875 1375.525146484375 1375.463134765625 1375.419677734375 1375.3955078125 1375.3590087890625 1375.3145751953125 1375.2757568359375 1375.2349853515625 1375.2056884765625 1375.176025390625 1375.1451416015625 1375.12646484375 1375.117431640625 1375.119384765625 1375.120361328125 1375.0665283203125 1374.9794921875 1374.916259765625 1374.87158203125 1374.848388671875 1374.84228515625 1374.83642578125 1374.819091796875 1374.79638671875 1374.772705078125 1374.751708984375 1374.719482421875 1374.6666259765625 1374.647705078125 1374.694580078125 1374.7091064453125 1374.661865234375 1374.588134765625 1374.5189208984375 1374.47021484375 1374.4715576171875 1374.6329345703125 1374.9786376953125 1375.2796630859375 1375.484130859375 1375.69873046875 1375.934814453125 1376.174560546875
1375.589599609375 1375.5289306640625 1375.4742431640625 1375.4364013671875 1375.4083251953125 1375.3740234375 1375.3370361328125 1375.31103515625 1375.288818359375 1375.265380859375 1375.2437744140625 1375.22509765625 1375.1988525390625 1375.19287109375 1375.1961669921875 1375.18115234375 1375.1204833984375 1375.034912109375 1374.9873046875 1374.927734375 1374.8553466796875 1374.8306884765625 1374.81689453125 1374.7958984375 1374.7713623046875 1374.7593994140625 1374.7435302734375 1374.72265625 1374.697265625 1374.69677734375 1374.8131103515625 1374.875732421875 1374.7939453125 1374.6583251953125 1374.5396728515625 1374.4700927734375 1374.434814453125 1374.4962158203125 1374.7725830078125 1375.0518798828125 1375.2855224609375 1375.5499267578125 1375.8150634765625 1376.0699462890625
1375.5863037109375 1375.5408935546875 1375.5098876953125 1375.4891357421875 1375.4781494140625 1375.4578857421875 1375.4381103515625 1375.419921875 1375.4051513671875 1375.3939208984375 1375.36083984375 1375.3299560546875 1375.3035888671875 1375.2867431640625 1375.2757568359375 1375.2366943359375 1375.1610107421875 1375.094482421875 1375.0609130859375 1375.001220703125 1374.926025390625 1374.9027099609375 1374.8575439453125 1374.80419921875 1374.77099609375 1374.7523193359375 1374.740966796875 1374.728515625 1374.71533203125 1374.75732421875 1374.9273681640625 1375.042236328125 1374.9432373046875 1374.7481689453125 1374.57958984375 1374.4775390625 1374.4268798828125 1374.4320068359375 1374.6358642578125 1374.8890380859375 1375.1009521484375 1375.3587646484375 1375.6688232421875 1375.95751953125
1375.5999755859375 1375.589111328125 1375.604248046875 1375.612548828125 1375.6163330078125 1375.5921630859375 1375.5765380859375 1375.5660400390625 1375.556396484375 1375.5531005859375 1375.5103759765625 1375.4739990234375 1375.4417724609375 1375.403564453125 1375.366455078125 1375.300537109375 1375.220703125 1375.181640625 1375.1492919921875 1375.0887451171875 1375.0513916015625 1375.07666015625 1375.037109375 1374.91748046875 1374.8167724609375 1374.7696533203125 1374.75146484375 1374.744140625 1374.747802734375 1374.824462890625 1375.0096435546875 1375.113037109375 1375.03662109375 1374.8336181640625 1374.62158203125 1374.4818115234375 1374.4088134765625 1374.4053955078125 1374.5748291015625 1374.76806640625 1374.9459228515625 1375.190673828125 1375.4937744140625 1375.765380859375
