mars_ws/src/path_planning/data/2024_autonomy_competition_site.asc
ncols        423
nrows        475
xllcorner    518587.999976729625
yllcorner    4252745.000000000000
cellsize     1.000000000000
NODATA_value -999999
[rows 400 to 419 of 475, columns 176 to 219 of 423]
1375.39892578125 1375.38916015625 1375.392578125 1375.4014892578125 1375.405517578125 1375.3876953125 1375.3704833984375 1375.3624267578125 1375.3673095703125 1375.3734130859375 1375.3719482421875 1375.3663330078125 1375.374755859375 1375.3709716796875 1375.3748779296875 1375.3785400390625 1375.3809814453125 1375.3798828125 1375.3712158203125 1375.3707275390625 1375.3656005859375 1375.3570556640625 1375.34765625 1375.3560791015625 1375.368408203125 1375.3494873046875 1375.3370361328125 1375.3201904296875 1375.2728271484375 1375.21728515625 1375.211669921875 1375.21337890625 1375.318603515625 1375.316162109375 1375.30224609375 1375.3096923828125 1375.3155517578125 1375.3148193359375 1375.3154296875 1375.314208984375 1375.3077392578125 1375.3016357421875 1375.2918701171875 1375.2874755859375
1375.4197998046875 1375.408203125 1375.4072265625 1375.42138671875 1375.417724609375 1375.3885498046875 1375.3798828125 1375.38232421875 1375.3897705078125 1375.3878173828125 1375.385009765625 1375.383056640625 1375.3824462890625 1375.3798828125 1375.390380859375 1375.3857421875 1375.3897705078125 1375.37841796875 1375.3631591796875 1375.3709716796875 1375.3614501953125 1375.361572265625 1375.359619140625 1375.3673095703125 1375.3743896484375 1375.3514404296875 1375.328857421875 1375.3001708984375 1375.24609375 1375.2117919921875 1375.23193359375 1375.2279052734375 1375.288818359375 1375.3115234375 1375.3138427734375 1375.3193359375 1375.322265625 1375.3203125 1375.3203125 1375.3121337890625 1375.311279296875 1375.3116455078125 1375.2957763671875 1375.29248046875
1375.42578125 1375.4151611328125 1375.41845703125 1375.4256591796875 1375.4027099609375 1375.388916015625 1375.4033203125 1375.4066162109375 1375.4041748046875 1375.3961181640625 1375.406005859375 1375.4058837890625 1375.3883056640625 1375.3863525390625 1375.3927001953125 1375.3819580078125 1375.3831787109375 1375.3739013671875 1375.3634033203125 1375.373291015625 1375.364501953125 1375.372314453125 1375.37548828125 1375.3895263671875 1375.3836669921875 1375.348388671875 1375.3138427734375 1375.2724609375 1375.2034912109375 1375.1644287109375 1375.2001953125 1375.2374267578125 1375.291015625 1375.3232421875 1375.3338623046875 1375.3311767578125 1375.328857421875 1375.330810546875 1375.324462890625 1375.3140869140625 1375.3099365234375 1375.30908203125 1375.297119140625 1375.2923583984375
1375.4228515625 1375.4210205078125 1375.42431640625 1375.42431640625 1375.4046630859375 1375.40234375 1375.4322509765625 1375.42431640625 1375.406494140625 1375.3966064453125 1375.402587890625 1375.40380859375 1375.4017333984375 1375.3978271484375 1375.3924560546875 1375.3885498046875 1375.3865966796875 1375.38720703125 1375.383544921875 1375.37646484375 1375.3760986328125 1375.3721923828125 1375.3685302734375 1375.375244140625 1375.373779296875 1375.3343505859375 1375.2957763671875 1375.2349853515625 1375.141357421875 1375.142578125 1375.2386474609375 1375.30224609375 1375.3336181640625 1375.3468017578125 1375.3455810546875 1375.3397216796875 1375.33642578125 1375.33837890625 1375.3267822265625 1375.3153076171875 1375.306640625 1375.303466796875 1375.29296875 1375.28466796875
1375.4334716796875 1375.42578125 1375.42236328125 1375.413330078125 1375.407958984375 1375.4134521484375 1375.42822265625 1375.4205322265625 1375.412841796875 1375.3994140625 1375.398193359375 1375.4044189453125 1375.410400390625 1375.404052734375 1375.3995361328125 1375.416748046875 1375.419189453125 1375.4102783203125 1375.3984375 1375.3807373046875 1375.3782958984375 1375.3636474609375 1375.3543701171875 1375.3514404296875 1375.346435546875 1375.3341064453125 1375.2818603515625 1375.1904296875 1375.1455078125 1375.2271728515625 1375.313232421875 1375.3408203125 1375.357666015625 1375.363037109375 1375.3497314453125 1375.349853515625 1375.3563232421875 1375.3419189453125 1375.33349609375 1375.322265625 1375.3155517578125 1375.306640625 1375.2921142578125 1375.2891845703125
1375.444091796875 1375.428466796875 1375.43115234375 1375.417724609375 1375.41357421875 1375.42041015625 1375.421630859375 1375.41943359375 1375.4288330078125 1375.4091796875 1375.41650390625 1375.431396484375 1375.4205322265625 1375.4205322265625 1375.412841796875 1375.4400634765625 1375.4287109375 1375.400146484375 1375.3875732421875 1375.374755859375 1375.3681640625 1375.3612060546875 1375.3492431640625 1375.3385009765625 1375.3609619140625 1375.367431640625 1375.253173828125 1375.1439208984375 1375.208740234375 1375.3084716796875 1375.348388671875 1375.3521728515625 1375.3563232421875 1375.3516845703125 1375.3446044921875 1375.3502197265625 1375.358642578125 1375.3402099609375 1375.33349609375 1375.33251953125 1375.3140869140625 1375.3001708984375 1375.293212890625 1375.2982177734375
1375.4403076171875 1375.42626953125 1375.4344482421875 1375.4283447265625 1375.441162109375 1375.439208984375 1375.4163818359375 1375.419677734375 1375.4305419921875 1375.4013671875 1375.4010009765625 1375.417724609375 1375.4146728515625 1375.41064453125 1375.4066162109375 1375.422607421875 1375.40771484375 1375.382080078125 1375.375244140625 1375.3798828125 1375.3673095703125 1375.3570556640625 1375.3475341796875 1375.348388671875 1375.377685546875 1375.3309326171875 1375.1885986328125 1375.1611328125 1375.3043212890625 1375.3828125 1375.37548828125 1375.35546875 1375.35107421875 1375.34375 1375.341796875 1375.3436279296875 1375.34765625 1375.339599609375 1375.3326416015625 1375.325439453125 1375.3096923828125 1375.3045654296875 1375.3133544921875 1375.3040771484375
1375.436767578125 1375.4373779296875 1375.4337158203125 1375.4305419921875 1375.4608154296875 1375.452880859375 1375.431640625 1375.415771484375 1375.4091796875 1375.3968505859375 1375.40673828125 1375.4200439453125 1375.41455078125 1375.4110107421875 1375.3980712890625 1375.389404296875 1375.3834228515625 1375.378173828125 1375.3900146484375 1375.3948974609375 1375.3658447265625 1375.3505859375 1375.356689453125 1375.3497314453125 1375.3131103515625 1375.2200927734375 1375.1534423828125 1375.239990234375 1375.34912109375 1375.39453125 1375.3839111328125 1375.36279296875 1375.3580322265625 1375.35302734375 1375.3541259765625 1375.349365234375 1375.3453369140625 1375.3411865234375 1375.3251953125 1375.3143310546875 1375.3128662109375 1375.32763671875 1375.3482666015625 1375.285400390625
1375.4404296875 1375.4417724609375 1375.4315185546875 1375.4249267578125 1375.439697265625 1375.4423828125 1375.4482421875 1375.4210205078125 1375.4078369140625 1375.4111328125 1375.4210205078125 1375.4256591796875 1375.409423828125 1375.39501953125 1375.394287109375 1375.3841552734375 1375.381103515625 1375.3812255859375 1375.387451171875 1375.378662109375 1375.3575439453125 1375.3570556640625 1375.3641357421875 1375.3436279296875 1375.27099609375 1375.17822265625 1375.1922607421875 1375.2884521484375 1375.366943359375 1375.4112548828125 1375.391845703125 1375.3675537109375 1375.3641357421875 1375.36181640625 1375.3641357421875 1375.3516845703125 1375.3419189453125 1375.335205078125 1375.32861328125 1375.318603515625 1375.3060302734375 1375.2962646484375 1375.275390625 1375.17041015625
1375.4505615234375 1375.4361572265625 1375.418701171875 1375.411865234375 1375.4163818359375 1375.4217529296875 1375.4246826171875 1375.4150390625 1375.4112548828125 1375.41748046875 1375.4168701171875 1375.41015625 1375.39111328125 1375.38330078125 1375.3978271484375 1375.399658203125 1375.394775390625 1375.392333984375 1375.3887939453125 1375.3729248046875 1375.3624267578125 1375.3695068359375 1375.3638916015625 1375.3223876953125 1375.2353515625 1375.1688232421875 1375.2354736328125 1375.318115234375 1375.3631591796875 1375.3828125 1375.3701171875 1375.3603515625 1375.358154296875 1375.355224609375 1375.359375 1375.34912109375 1375.3492431640625 1375.337646484375 1375.329345703125 1375.3106689453125 1375.300537109375 1375.2698974609375 1375.1778564453125 1375.047119140625
1375.4398193359375 1375.4190673828125 1375.4102783203125 1375.4212646484375 1375.4210205078125 1375.4161376953125 1375.410888671875 1375.407958984375 1375.4208984375 1375.4068603515625 1375.4010009765625 1375.3961181640625 1375.38330078125 1375.387939453125 1375.4039306640625 1375.40625 1375.402587890625 1375.4095458984375 1375.4088134765625 1375.3768310546875 1375.3651123046875 1375.3741455078125 1375.352783203125 1375.290283203125 1375.19384765625 1375.2001953125 1375.284423828125 1375.3388671875 1375.3614501953125 1375.3626708984375 1375.3662109375 1375.3631591796875 1375.3636474609375 1375.363525390625 1375.3553466796875 1375.351806640625 1375.3590087890625 1375.334716796875 1375.3065185546875 1375.280517578125 1375.281982421875 1375.2391357421875 1375.1220703125 1375.0804443359375
1375.431884765625 1375.4176025390625 1375.41845703125 1375.4290771484375 1375.4190673828125 1375.4058837890625 1375.410888671875 1375.4208984375 1375.4259033203125 1375.4208984375 1375.4251708984375 1375.4027099609375 1375.389892578125 1375.4173583984375 1375.415283203125 1375.4097900390625 1375.403564453125 1375.4046630859375 1375.397216796875 1375.3768310546875 1375.3665771484375 1375.359130859375 1375.3267822265625 1375.253173828125 1375.194580078125 1375.268798828125 1375.3297119140625 1375.356689453125 1375.3671875 1375.3638916015625 1375.363037109375 1375.3592529296875 1375.367431640625 1375.3956298828125 1375.3660888671875 1375.3463134765625 1375.333984375 1375.305908203125 1375.26416015625 1375.2264404296875 1375.1922607421875 1375.1278076171875 1375.1495361328125 1375.303955078125
1375.42822265625 1375.4169921875 1375.422607421875 1375.4329833984375 1375.4444580078125 1375.4239501953125 1375.427734375 1375.4361572265625 1375.427490234375 1375.43896484375 1375.4501953125 1375.410888671875 1375.4017333984375 1375.4227294921875 1375.415283203125 1375.405517578125 1375.39599609375 1375.38720703125 1375.37939453125 1375.36474609375 1375.354736328125 1375.34326171875 1375.3035888671875 1375.2266845703125 1375.2420654296875 1375.3173828125 1375.3497314453125 1375.363525390625 1375.369384765625 1375.37060546875 1375.36083984375 1375.3465576171875 1375.342041015625 1375.3580322265625 1375.338623046875 1375.31494140625 1375.2886962890625 1375.27099609375 1375.2535400390625 1375.239013671875 1375.1636962890625 1375.0360107421875 1375.1231689453125 1375.312255859375
1375.42626953125 1375.42041015625 1375.424560546875 1375.4324951171875 1375.4517822265625 1375.4405517578125 1375.437255859375 1375.43310546875 1375.4293212890625 1375.4334716796875 1375.4276123046875 1375.40234375 1375.4100341796875 1375.4237060546875 1375.41455078125 1375.40087890625 1375.3936767578125 1375.376953125 1375.3646240234375 1375.359375 1375.358642578125 1375.3441162109375 1375.29443359375 1375.2353515625 1375.31591796875 1375.3509521484375 1375.3585205078125 1375.3687744140625 1375.3701171875 1375.3759765625 1375.364990234375 1375.341796875 1375.322509765625 1375.314697265625 1375.305419921875 1375.275634765625 1375.255615234375 1375.2672119140625 1375.270751953125 1375.2322998046875 1375.1256103515625 1375.1055908203125 1375.190673828125 1375.317138671875
1375.4573974609375 1375.456787109375 1375.458740234375 1375.4608154296875 1375.46044921875 1375.447998046875 1375.4366455078125 1375.42431640625 1375.42626953125 1375.434814453125 1375.412353515625 1375.396728515625 1375.4068603515625 1375.4100341796875 1375.412109375 1375.39990234375 1375.3870849609375 1375.371826171875 1375.3594970703125 1375.3681640625 1375.3980712890625 1375.3714599609375 1375.302490234375 1375.294921875 1375.380859375 1375.3604736328125 1375.36328125 1375.3779296875 1375.379150390625 1375.3768310546875 1375.3599853515625 1375.33740234375 1375.320068359375 1375.2928466796875 1375.2802734375 1375.279541015625 1375.2900390625 1375.2955322265625 1375.28271484375 1375.211669921875 1375.100341796875 1375.16748046875 1375.2674560546875 1375.34423828125
1375.4779052734375 1375.4659423828125 1375.4820556640625 1375.473876953125 1375.4581298828125 1375.449462890625 1375.43408203125 1375.424072265625 1375.416748046875 1375.4176025390625 1375.4132080078125 1375.4140625 1375.4149169921875 1375.4210205078125 1375.4210205078125 1375.398193359375 1375.3785400390625 1375.3778076171875 1375.3946533203125 1375.421875 1375.4339599609375 1375.3873291015625 1375.3179931640625 1375.3048095703125 1375.36474609375 1375.3602294921875 1375.376708984375 1375.3834228515625 1375.3790283203125 1375.3597412109375 1375.343017578125 1375.3428955078125 1375.32373046875 1375.291015625 1375.2965087890625 1375.3170166015625 1375.3294677734375 1375.319091796875 1375.2987060546875 1375.217041015625 1375.0982666015625 1375.2030029296875 1375.285400390625 1375.319580078125
1375.4676513671875 1375.4652099609375 1375.47607421875 1375.4661865234375 1375.44921875 1375.4461669921875 1375.4383544921875 1375.43115234375 1375.420654296875 1375.4178466796875 1375.422119140625 1375.427978515625 1375.4228515625 1375.423583984375 1375.4117431640625 1375.396240234375 1375.3782958984375 1375.381591796875 1375.3990478515625 1375.4271240234375 1375.409423828125 1375.362548828125 1375.2872314453125 1375.2366943359375 1375.336669921875 1375.3795166015625 1375.388427734375 1375.372802734375 1375.3675537109375 1375.3507080078125 1375.3228759765625 1375.3114013671875 1375.306640625 1375.3056640625 1375.31494140625 1375.320556640625 1375.3291015625 1375.3232421875 1375.3121337890625 1375.2236328125 1375.0712890625 1375.1834716796875 1375.265625 1375.2821044921875
1375.46826171875 1375.4735107421875 1375.4775390625 1375.4813232421875 1375.4541015625 1375.4415283203125 1375.429931640625 1375.4273681640625 1375.42529296875 1375.4273681640625 1375.4322509765625 1375.425048828125 1375.4132080078125 1375.4117431640625 1375.409912109375 1375.3968505859375 1375.37939453125 1375.38037109375 1375.394287109375 1375.410888671875 1375.3870849609375 1375.351806640625 1375.284912109375 1375.20703125 1375.326904296875 1375.4034423828125 1375.39404296875 1375.3709716796875 1375.3543701171875 1375.339111328125 1375.3148193359375 1375.3160400390625 1375.3275146484375 1375.3299560546875 1375.3302001953125 1375.3250732421875 1375.322998046875 1375.3297119140625 1375.3267822265625 1375.2352294921875 1375.08935546875 1375.1732177734375 1375.256591796875 1375.27001953125
1375.4796142578125 1375.46875 1375.4564208984375 1375.45703125 1375.4573974609375 1375.4449462890625 1375.4285888671875 1375.4334716796875 1375.4302978515625 1375.421142578125 1375.4117431640625 1375.41162109375 1375.4085693359375 1375.40771484375 1375.3963623046875 1375.3839111328125 1375.3848876953125 1375.3890380859375 1375.3907470703125 1375.3905029296875 1375.379638671875 1375.3543701171875 1375.28564453125 1375.208740234375 1375.306884765625 1375.377197265625 1375.3834228515625 1375.3634033203125 1375.340087890625 1375.3309326171875 1375.3311767578125 1375.3388671875 1375.3428955078125 1375.338623046875 1375.3367919921875 1375.3455810546875 1375.3463134765625 1375.3482666015625 1375.339111328125 1375.2861328125 1375.1561279296875 1375.1856689453125 1375.2637939453125 1375.278076171875
1375.478515625 1375.4656982421875 1375.4542236328125 1375.4505615234375 1375.44873046875 1375.43408203125 1375.42822265625 1375.43505859375 1375.4365234375 1375.4334716796875 1375.421875 1375.416748046875 1375.408935546875 1375.39599609375 1375.3819580078125 1375.39453125 1375.4144287109375 1375.407470703125 1375.4000244140625 1375.3997802734375 1375.3721923828125 1375.3402099609375 1375.2940673828125 1375.2252197265625 1375.270263671875 1375.3409423828125 1375.37060546875 1375.3623046875 1375.327880859375 1375.331787109375 1375.3388671875 1375.3426513671875 1375.3359375 1375.3372802734375 1375.34326171875 1375.352294921875 1375.354736328125 1375.3519287109375 1375.345703125 1375.2816162109375 1375.135498046875 1375.1788330078125 1375.2664794921875 1375.2830810546875
